

090006
======
0302410000;
0303510000;
0304595000;
0304599010;
0304992300;
0302410000;
0303510000;
0304595000;
0304599010;
0304992300;
0302410000;
0303510000;
0304595000;
0304599010;
0304992300;


090007
======
0305511010;
0305511020;
0305519010;
0305519020;
0305531000;
0305620020;
0305620025;
0305620050;
0305620060;
0305691000;
0305720010;
0305720015;
0305720020;
0305720025;
0305720030;
0305720035;
0305720050;
0305720052;
0305720056;
0305720060;
0305720062;
0305720064;
0305790010;
0305790015;
0305790020;
0305790025;
0305790030;
0305790035;
0305790050;
0305790052;
0305790056;
0305790060;
0305790062;
0305790064;
0305511010;
0305511020;
0305519010;
0305519020;
0305531000;
0305620020;
0305620025;
0305620050;
0305620060;
0305691000;
0305720010;
0305720015;
0305720020;
0305720025;
0305720030;
0305720035;
0305720050;
0305720052;
0305720056;
0305720060;
0305720062;
0305720064;
0305790010;
0305790015;
0305790020;
0305790025;
0305790030;
0305790035;
0305790050;
0305790052;
0305790056;
0305790060;
0305790062;
0305790064;


090009
======
0302541910;
0303661911;
0303661919;
0302541910;
0303661911;
0303661919;


090013
======
4412390010;
4412998510;
4412390010;
4412998510;


090023
======
7202491020;
7202495011;
7202491020;
7202495011;


090027
======
0805290021;
0805290029;
0805290021;
0805290029;


090035
======
0712200000;


090039
======
0805501000;
0805501010;
0805501000;
0805501010;


090041
======
0802119000;
0802129000;
0802119000;
0802129000;


090043
======
1104229500;


090046
======
1605400030;


090047
======
1605211040;
1605219040;
1605290040;
1605211040;
1605219040;
1605290040;


090053
======
1704000000;


090055
======
0701905000;


090056
======
0706100000;


090058
======
0809100000;


090067
======
2009619010;
2009691111;
2009691119;
2009691910;
2009695110;
2009699020;
2009619010;
2009691111;
2009691119;
2009691910;
2009695110;
2009699020;
2009619010;
2009691111;
2009691119;
2009691910;
2009695110;
2009699020;


090070
======
2309903100;
2309904100;
2309905100;
2309909600;
2309903100;
2309904100;
2309905100;
2309909600;


090071
======
1008210000;
1008290000;
1008210000;
1008290000;
1008210000;
1008290000;


090072
======
2302301000;
2302309000;
2302401000;
2302409000;
2302301000;
2302309000;
2302401000;
2302409000;


090073
======
2309903100;
2309904100;
2309905100;
2309903100;
2309904100;
2309905100;


090076
======
1003900020;


090083
======
1006100000;


090085
======
1806000000;


090086
======
1902110000;
1902190000;
1902209100;
1902209900;
1902300000;
1902400000;
1902110000;
1902190000;
1902209100;
1902209900;
1902300000;
1902400000;


090088
======
2106909800;


090089
======
2309101300;
2309101500;
2309101900;
2309103300;
2309103900;
2309105100;
2309105300;
2309105900;
2309107000;
2309101300;
2309101500;
2309101900;
2309103300;
2309103900;
2309105100;
2309105300;
2309105900;
2309107000;


090092
======
2008201100;
2008201900;
2008203100;
2008203900;
2008207100;
2008301100;
2008301900;
2008303100;
2008303900;
2008307900;
2008401100;
2008401900;
2008402100;
2008402900;
2008403100;
2008403900;
2008501100;
2008501900;
2008503100;
2008503900;
2008505100;
2008505900;
2008507100;
2008601100;
2008601900;
2008603100;
2008603900;
2008606000;
2008701100;
2008701900;
2008703100;
2008703900;
2008705100;
2008705900;
2008801100;
2008801900;
2008803100;
2008803900;
2008807000;
2008307920;
2008201100;
2008201900;
2008203100;
2008203900;
2008207100;
2008301100;
2008301900;
2008303100;
2008303900;
2008307900;
2008401100;
2008401900;
2008402100;
2008402900;
2008403100;
2008403900;
2008501100;
2008501900;
2008503100;
2008503900;
2008505100;
2008505900;
2008507100;
2008601100;
2008601900;
2008603100;
2008603900;
2008606000;
2008701100;
2008701900;
2008703100;
2008703900;
2008705100;
2008705900;
2008801100;
2008801900;
2008803100;
2008803900;
2008807000;
2008307920;


090093
======
2009111100;
2009111900;
2009191100;
2009191900;
2009291100;
2009291900;
2009391100;
2009391900;
2009491100;
2009491900;
2009791100;
2009791900;
2009811100;
2009811900;
2009891100;
2009891900;
2009893400;
2009893500;
2009893600;
2009893800;
2009901100;
2009901900;
2009902100;
2009902900;
2009111100;
2009111900;
2009191100;
2009191900;
2009291100;
2009291900;
2009391100;
2009391900;
2009111100;
2009111900;
2009191100;
2009191900;
2009291100;
2009291900;
2009391100;
2009391900;
2009491100;
2009491900;
2009791100;
2009791900;
2009811100;
2009811900;
2009891100;
2009891900;
2009893400;
2009893500;
2009893600;
2009893800;
2009901100;
2009901900;
2009902100;
2009902900;
2009111100;
2009111900;
2009191100;
2009191900;
2009291100;
2009291900;
2009391100;
2009391900;


090095
======
2204229310;
2204229411;
2204229461;
2204229510;
2204229611;
2204229661;
2204229710;
2204229811;
2204229861;
2204299310;
2204299411;
2204299461;
2204299510;
2204299611;
2204299661;
2204299710;
2204299811;
2204299861;
2204229310;
2204229411;
2204229461;
2204229510;
2204229611;
2204229661;
2204229710;
2204229811;
2204229861;
2204299310;
2204299411;
2204299461;
2204299510;
2204299611;
2204299661;
2204299710;
2204299811;
2204299861;


090096
======
2106909800;


090097
======
2204219311;
2204219312;
2204219313;
2204219319;
2204219411;
2204219412;
2204219413;
2204219419;
2204219461;
2204219511;
2204219611;
2204219661;
2204219711;
2204219811;
2204219861;
2204219311;
2204219312;
2204219313;
2204219319;
2204219411;
2204219412;
2204219413;
2204219419;
2204219461;
2204219511;
2204219611;
2204219661;
2204219711;
2204219811;
2204219861;


090098
======
2205901000;


090118
======
0203195510;
0203295591;
0203195510;
0203295591;
0203195510;
0203295591;


090120
======
1601009100;
1601009900;
1601009100;
1601009900;
1601009100;
1601009900;


090123
======
0203121100;
0203121900;
0203191100;
0203191300;
0203191500;
0203195515;
0203195525;
0203195530;
0203195590;
0203195900;
0203221100;
0203221900;
0203291100;
0203291300;
0203291500;
0203295520;
0203295530;
0203295592;
0203295599;
0203295900;
0203121100;
0203121900;
0203191100;
0203191300;
0203191500;
0203195515;
0203195525;
0203195530;
0203195590;
0203195900;
0203221100;
0203221900;
0203291100;
0203291300;
0203291500;
0203295520;
0203295530;
0203295592;
0203295599;
0203295900;
0203121100;
0203121900;
0203191100;
0203191300;
0203191500;
0203195515;
0203195525;
0203195530;
0203195590;
0203195900;
0203221100;
0203221900;
0203291100;
0203291300;
0203291500;
0203295520;
0203295530;
0203295592;
0203295599;
0203295900;


090124
======
0714209000;


090126
======
0714100010;
0714100099;
0714300000;
0714400000;
0714500000;
0714902010;
0714902090;
0714100010;
0714100099;
0714300000;
0714400000;
0714500000;
0714902010;
0714902090;


090127
======
0714100010;
0714100099;
0714300000;
0714400000;
0714500000;
0714902010;
0714902090;
0714100010;
0714100099;
0714300000;
0714400000;
0714500000;
0714902010;
0714902090;


090128
======
0714100010;
0714100099;
0714300000;
0714400000;
0714500000;
0714902010;
0714902090;
0714100010;
0714100099;
0714300000;
0714400000;
0714500000;
0714902010;
0714902090;


090130
======
0714100010;
0714300010;
0714400010;
0714500010;
0714902010;
0714100010;
0714300010;
0714400010;
0714500010;
0714902010;


090131
======
0714209000;


090132
======
1108140000;


090693
======
0204100000;
0204210000;
0204220000;
0204300000;
0204410000;
0204420000;
0204501100;
0204501300;
0204501500;
0204501900;
0204503100;
0204505100;
0204505300;
0204505500;
0204505900;
0204507100;
0204100000;
0204210000;
0204220000;
0204300000;
0204410000;
0204420000;
0204501100;
0204501300;
0204501500;
0204501900;
0204503100;
0204505100;
0204505300;
0204505500;
0204505900;
0204507100;
0204100000;
0204210000;
0204220000;
0204300000;
0204410000;
0204420000;
0204501100;
0204501300;
0204501500;
0204501900;
0204503100;
0204505100;
0204505300;
0204505500;
0204505900;
0204507100;


090706
======
1604205000;


090707
======
1604205000;


090708
======
0714100000;


090790
======
0204100000;
0204210000;
0204220000;
0204300000;
0204410000;
0204420000;
0204501100;
0204501300;
0204501500;
0204501900;
0204503100;
0204505100;
0204505300;
0204505500;
0204505900;
0204507100;
0210992100;
0210998510;
0204100000;
0204210000;
0204220000;
0204300000;
0204410000;
0204420000;
0204501100;
0204501300;
0204501500;
0204501900;
0204503100;
0204505100;
0204505300;
0204505500;
0204505900;
0204507100;
0210992100;
0210998510;
0204100000;
0204210000;
0204220000;
0204300000;
0204410000;
0204420000;
0204501100;
0204501300;
0204501500;
0204501900;
0204503100;
0204505100;
0204505300;
0204505500;
0204505900;
0204507100;
0210992100;
0210998510;


091922
======
0204100000;
0204210000;
0204220000;
0204300000;
0204410000;
0204420000;
0204501100;
0204501300;
0204501500;
0204501900;
0204503100;
0204505100;
0204505300;
0204505500;
0204505900;
0204507100;
0204100000;
0204210000;
0204220000;
0204300000;
0204410000;
0204420000;
0204501100;
0204501300;
0204501500;
0204501900;
0204503100;
0204505100;
0204505300;
0204505500;
0204505900;
0204507100;
0204100000;
0204210000;
0204220000;
0204300000;
0204410000;
0204420000;
0204501100;
0204501300;
0204501500;
0204501900;
0204503100;
0204505100;
0204505300;
0204505500;
0204505900;
0204507100;


092011
======
0204100000;
0204210000;
0204220000;
0204300000;
0204410000;
0204420000;
0204501100;
0204501300;
0204501500;
0204501900;
0204503100;
0204505100;
0204505300;
0204505500;
0204505900;
0204507100;
0204100000;
0204210000;
0204220000;
0204300000;
0204410000;
0204420000;
0204501100;
0204501300;
0204501500;
0204501900;
0204503100;
0204505100;
0204505300;
0204505500;
0204505900;
0204507100;
0204100000;
0204210000;
0204220000;
0204300000;
0204410000;
0204420000;
0204501100;
0204501300;
0204501500;
0204501900;
0204503100;
0204505100;
0204505300;
0204505500;
0204505900;
0204507100;


092012
======
0204100000;
0204210000;
0204220000;
0204300000;
0204410000;
0204420000;
0204501100;
0204501300;
0204501500;
0204501900;
0204503100;
0204505100;
0204505300;
0204505500;
0204505900;
0204507100;
0204100000;
0204210000;
0204220000;
0204300000;
0204410000;
0204420000;
0204501100;
0204501300;
0204501500;
0204501900;
0204503100;
0204505100;
0204505300;
0204505500;
0204505900;
0204507100;
0204100000;
0204210000;
0204220000;
0204300000;
0204410000;
0204420000;
0204501100;
0204501300;
0204501500;
0204501900;
0204503100;
0204505100;
0204505300;
0204505500;
0204505900;
0204507100;


092013
======
0204100000;
0204210000;
0204220000;
0204300000;
0204410000;
0204420000;
0204501100;
0204501300;
0204501500;
0204501900;
0204503100;
0204505100;
0204505300;
0204505500;
0204505900;
0204507100;
0204100000;
0204210000;
0204220000;
0204300000;
0204410000;
0204420000;
0204501100;
0204501300;
0204501500;
0204501900;
0204503100;
0204505100;
0204505300;
0204505500;
0204505900;
0204507100;
0204100000;
0204210000;
0204220000;
0204300000;
0204410000;
0204420000;
0204501100;
0204501300;
0204501500;
0204501900;
0204503100;
0204505100;
0204505300;
0204505500;
0204505900;
0204507100;


092014
======
0204100000;
0204210000;
0204220000;
0204300000;
0204410000;
0204420000;
0204501100;
0204501300;
0204501500;
0204501900;
0204503100;
0204505100;
0204505300;
0204505500;
0204505900;
0204507100;
0204100000;
0204210000;
0204220000;
0204300000;
0204410000;
0204420000;
0204501100;
0204501300;
0204501500;
0204501900;
0204503100;
0204505100;
0204505300;
0204505500;
0204505900;
0204507100;
0204100000;
0204210000;
0204220000;
0204300000;
0204410000;
0204420000;
0204501100;
0204501300;
0204501500;
0204501900;
0204503100;
0204505100;
0204505300;
0204505500;
0204505900;
0204507100;


092016
======
0204100000;
0204210000;
0204220000;
0204300000;
0204410000;
0204420000;
0204501100;
0204501300;
0204501500;
0204501900;
0204503100;
0204505100;
0204505300;
0204505500;
0204505900;
0204507100;
0204100000;
0204210000;
0204220000;
0204300000;
0204410000;
0204420000;
0204501100;
0204501300;
0204501500;
0204501900;
0204503100;
0204505100;
0204505300;
0204505500;
0204505900;
0204507100;
0204100000;
0204210000;
0204220000;
0204300000;
0204410000;
0204420000;
0204501100;
0204501300;
0204501500;
0204501900;
0204503100;
0204505100;
0204505300;
0204505500;
0204505900;
0204507100;


094001
======
0202309047;
0202309048;


094002
======
0201202021;
0201202029;
0201202021;
0201202029;
0201203021;
0201203029;
0201203021;
0201203029;
0202100011;
0202100015;
0202201011;
0202201015;
0202201011;
0202201015;
0201100021;
0201100029;
0201100021;
0201100029;
0206109511;
0206109515;
0206109511;
0206109515;
0206299111;
0206299115;
0206299111;
0206299115;
0202203011;
0202203015;
0206299121;
0206299129;
0206299121;
0206299129;
0202203011;
0202203015;
0202205011;
0202205015;
0202205011;
0202209011;
0202209015;
0202209011;
0202209015;
0202301011;
0202301015;
0202301011;
0202301015;
0202305011;
0202305015;
0202305011;
0202305015;
0202309011;
0202309015;
0202309011;
0202309015;
0201205021;
0201205029;
0201205021;
0201205029;
0201209011;
0201209015;
0201209011;
0201209015;
0201300031;
0201300039;
0201300031;
0201300039;
0202100011;
0202100015;
0202205015;


094003
======
0202100000;
0202201000;
0202205000;
0202209000;
0202309090;
0202309070;
0202309075;
0202309080;
0206299111;
0206299115;
0206299121;
0206299129;
0202203081;
0202203082;
0202203083;
0202203084;
0202203085;
0202203086;
0202203087;
0202203088;
0206299133;
0206299137;
0206299138;
0206299144;
0206299151;
0206299159;
0206299161;
0206299169;
0206299191;
0202301011;
0202301015;
0206299199;
0206299145;
0202301081;
0202301082;
0202301083;
0202301084;
0202301087;
0202301088;
0202305011;
0202305015;
0202305081;
0202305082;
0202305083;
0202305084;
0202305087;
0202305088;
0202301085;
0202301086;
0202305085;
0202305086;
0202309011;
0202309015;
0202309041;
0202309042;
0202309043;
0202309044;
0202309045;
0202309046;
0202309047;
0202309048;
0206299171;
0206299179;
0206299141;
0206299142;
0206299135;
0202203011;
0202203015;


094015
======
0407210000;
0407291000;
0407901000;


094038
======
0203195530;
0203295592;
0203195515;
0203295520;
0203195525;
0203295530;


094057
======
0202309070;
0202203081;
0202203082;
0206299133;
0206299151;
0206299159;
0202301081;
0202301082;
0202305081;
0202305082;
0202309041;
0202309042;
0206299135;


094058
======
0202309075;
0202203083;
0202203084;
0206299138;
0206299137;
0206299161;
0206299169;
0202301083;
0202301084;
0202305083;
0202305084;
0202309043;
0202309044;


094067
======
0207111000;
0207113000;
0207119000;
0207121000;
0207129000;
0207121000;
0207129000;
0207121000;
0207129000;
0207121000;
0207129000;


094068
======
0207131000;
0207132000;
0207133000;
0207134000;
0207135000;
0207136000;
0207137000;
0207142000;
0207143000;
0207144000;
0207146000;


094069
======
0207141000;


094105
======
0703200000;


094106
======
0703200000;


094112
======
1006300000;


094116
======
1006300000;


094117
======
1006300000;


094118
======
1006300000;


094119
======
1006300000;


094123
======
1001990092;
1001990060;
1001990050;
1001990040;


094124
======
1001990040;
1001990050;
1001990060;
1001990092;


094125
======
1001990092;
1001990060;
1001990050;
1001990040;


094126
======
1003100000;
1003900030;
1003900090;


094127
======
1006300000;


094128
======
1006300000;


094129
======
1006300000;


094130
======
1006300000;


094131
======
1005109000;
1005900000;


094148
======
1006200000;


094150
======
1006400000;


094153
======
1006400000;


094154
======
1006400000;


094166
======
1006300000;


094168
======
1006400000;


094170
======
0203195530;
0203295592;
0203195515;
0203295520;
0203195525;
0203295530;


094195
======
0405101120;
0405101920;
0405103020;


094211
======
0210993910;


094212
======
0210993910;


094213
======
0210993910;


094214
======
1602321900;


094215
======
1602321900;


094216
======
1602321900;


094217
======
1602310000;


094218
======
1602310000;


094251
======
1602321100;


094252
======
1602323000;


094253
======
1602329000;


094254
======
1602323000;


094255
======
1602329000;


094256
======
1602392900;


094257
======
1602392100;


094258
======
1602398510;


094259
======
1602398590;


094260
======
1602323000;


094261
======
1602321100;


094262
======
1602329000;


094263
======
1602392900;


094264
======
1602398510;


094265
======
1602398590;


094317
======
1701131000;
1701141000;


094318
======
1701131000;
1701141000;


094320
======
1701131000;
1701141000;


094321
======
1701000000;


094410
======
0207141000;
0207145000;
0207147000;
0207141000;
0207145000;


094411
======
0207141000;
0207145000;
0207147000;
0207141000;
0207145000;
0207141000;


094412
======
0207141000;
0207145000;
0207147000;
0207141000;
0207145000;
0207141000;
0207145000;


094420
======
0207271000;
0207272000;
0207278000;
0207271000;


094421
======
0207271000;
0207272000;
0207278000;
0207271000;


094422
======
0207271000;
0207272000;
0207278000;
0207271000;


094450
======
0206109511;
0206109515;
0201300031;
0201300039;


094451
======
0206109511;
0206109515;
0206299111;
0206299115;
0206299121;
0206299129;
0202209011;
0202209015;
0202301011;
0202301015;
0202305011;
0202305015;
0202309011;
0202309015;
0201209011;
0201209015;
0201300031;
0201300039;


094452
======
0206109511;
0206109515;
0201300031;
0201300039;


094453
======
0206109511;
0206109515;
0206299111;
0206299115;
0206299121;
0206299129;
0202309011;
0202309015;
0201300031;
0201300039;


094454
======
0206109511;
0206109515;
0206299111;
0206299115;
0206299121;
0206299129;
0202209011;
0202209015;
0202301011;
0202301015;
0202305011;
0202305015;
0202309011;
0202309015;
0201209011;
0201209015;
0201300031;
0201300039;


094455
======
0202309011;
0202309015;
0201300031;
0201300039;


094514
======
0406902120;


094515
======
0406900100;


094590
======
0402101900;


094594
======
0406900100;


094595
======
0406902100;
